$ANSIBLE_VAULT;1.1;AES256
62306534636435333365303766653134633039363462653163353536363739373038656233396138
3831343533313436386230393831343664656330393431610a393464346331356332663931666466
39323063623364616261356262643936313933383331343139356366386538306566393131633634
3866356636656364370a323062383230393166306236623039366331343865376161366134623035
65303834303164633161393735663465313232383030376238386232316266616238663038356637
33393238666339356466393630363466393438653534376232393032313930626530386439646337
35396232346633626633306337666131656637613138346333323161373937653434323264663436
34613433633563333535303864383530373037363063666365626364663562306662616234356664
30346631386462656265643665353664323632373361386433306236396130386566633238346532
32316337333263333932356531653637656264653465363461306462393435343938303661393739
34363765633164366432656334366235333132383863656532343566306261393332386330326135
37316130666434613064626531616131383663303533306334373763616166383131393837653436
39623637636430323135366335323035663465623666303966326364646636623535656431393439
31663536633134626563613332376261363734656434363237623435666362306166343831333765
36356437643632613236343436386634336434633364363762656338383332326361623133623838
32393134343563386562376438396237633964336632323366323536363730373739656664366561
31383763666664646532663865343530333765323362666461356238626261623464373863643361
33383132306239386335613935393331353335616662636339353063313235326230613765386638
61353563613530366139313335666437313638643464393563663936383039636366363937633664
32316134316236313139633764653537643766363137323235353933653666646230643963346365
31653738313531336134616164643239303934393037663733626432613235656136323132373030
37343532303638623563643930623530316661363135626263616336646266343539383136383036
33396365666266383932383663633564386534366333383866326438303565373261353932363436
33653062373534663930666530623239633064326338376566666238643462343832343634366166
63306233343031636464373834356136393837623533353031386332613534323033323131316566
31333236346137353938393466396332303166356633326161333562363634396465376163323761
38396232356330316365366533366430336633656635326530373133363931643961386637363062
63663831343132653139393764396561613737616232646564643335373665303233323530343234
62373438623837343066616564653339333536303565643038626533393065363736653261653437
3462636364346230323333383266633032323765626566633061
